24  24  24  24  24  24  24  24  24  24  24  24  24  24  24  24
24  24  24  24  24  24  24  24  24  24  24  24  24  24  24  24
24  24  24  24  24  24  24  24  24  24  24  24  24  24  24  24
24  24  24  24  24  24  24  24  24  24  24  24  24  24  24  24
24  24  24  24  24  24  24  24  24  24  24  24  24  24  24  24
24  24  24  24  24  24  24  24  24  24  24  24  24  24  24  24
24  24  24  24  24  24  24  24  24  24  24  24  24  24  24  24
24  24  24  24  24  24  24  24  24  24  24  24  24  24  24  24
24  24  24  24  24  24  24  24  24  24  24  24  24  24  24  24
24  24  24  24  24  24  24  24  24  24  24  24  24  24  24  24
24  24  24  24  24  24  24  24  24  24  24  24  24  24  24  24
24  24  24  24  24  24  24  24  24  24  24  24  24  24  24  24
24  24  24  24  24  24  24  24  24  24  24  24  24  24  24  24
24  24  24  24  24  24  24  24  24  24  24  24  24  24  24  24
24  24  24  24  24  24  24  24  24  24  24  24  24  24  24  24
24  24  24  24  24  24  24  24  24  24  24  24  24  24  24  24
24  24  24  24  24  24  24  24  24  24  24  24  24  24  24  24
24  24  24  24  24  24  24  24  24  24  24  24  24  24  24  24
24  24  24  24  24  24  24  24  24  24  24  24  24  24  24  24
24  24  24  24  24  24  24  24  24  24  24  24  24  24  24  24
24  24  24  24  24  24  24  24  24  24  24  24  24  24  24  24
24  24  24  24  24  24  24  24  24  24  24  24  24  24  24  24
24  24  24  24  24  24  24  24  24  24  24  24  24  24  24  24
24  24  24  24  24  24  24  24  24  24  24  24  24  24  24  24
24  24  24  24  24  24  24  24  24  24  24  24  24  24  24  24
24  24  24  24  24  24  24  24  24  24  24  24  24  24  24  24
24  24  24  24  24  24  24  24  24  24  24  24  24  24  24  24
24  24  24  24  24  24  24  24  24  24  24  24  24  24  24  24
24  24  24  24  24  24  24  24  24  24  24  24  24  24  24  24
24  24  24  24  24  24  24  24  24  24  24  24  24  24  24  24
24  24  24  24  24  24  24  24  24  24  24  24  24  24  24  24
24  24  24  24  24  24  24  24  24  24  24  24  24  24  24  24
24  24  24  24  24  24  24  24  24  24  24  24  24  24  24  24
24  24  24  24  24  24  24  24  24  24  24  24  24  24  24  24
24  24  24  24  24  24  24  24  24  24  24  24  24  24  24  24
24  24  24  24  24  24  24  24  24  24  24  24  24  24  24  24
24  24  24  24  24  24  24  24  24  24  24  24  24  24  24  24
24  24  24  24  24  24  24  24  24  24  24  24  24  24  24  24
24  24  24  24  24  24  24  24  24  24  24  24  24  24  24  24
24  24  24  24  24  24  24  24  24  24  24  24  24  24  24  24
24  24  24  24  24  24  24  24  24  24  24  24  24  24  24  24
24  24  24  24  24  24  24  24  24  24  24  24  24  24  24  24
24  24  24  24  24  24  24  24  24  24  24  24  24  24  24  24
24  24  24  24  24  24  24  24  24  24  24  24  24  24  24  24
24  24  24  24  24  24  24  24  24  24  24  24  24  24  24  24
24  24  24  24  24  24  24  24  24  24  24  24  24  24  24  24
24  24  24  24  24  24  24  24  24  24  24  24  24  24  24  24
24  24  24  24  24  24  24  24  24  24  24  24  24  24  24  24
24  24  24  24  24  24  24  24  24  24  24  24  24  24  24  24
24  24  24  24  24  24  24  24  24  24  24  24  24  24  24  24
24  24  24  24  24  24  24  24  24  24  24  24  24  24  24  24
24  24  24  24  24  24  24  24  24  24  24  24  24  24  24  24
24  24  24  24  24  24  24  24  24  24  24  24  24  24  24  24
24  24  24  24  24  24  24  24  24  24  24  24  24  24  24  24
24  24  24  24  24  24  24  24  24  24  24  24  24  24  24  24
24  24  24  24  24  24  24  24  24  24  24  24  24  24  24  24
24  24  24  24  24  24  24  24  24  24  24  24  24  24  24  24
24  24  24  24  24  24  24  24  24  24  24  24  24  24  24  24
24  24  24  24  24  24  24  24  24  24  24  24  24  24  24  24
24  24  24  24  24  24  24  24  24  24  24  24  24  24  24  24
24  24  24  24  24  24  24  24  24  24  24  24  24  24  24  24
24  24  24  24  24  24  24  24  24  24  24  24  24  24  24  24
24  24  24  24  24  24  24  24  24  24  24  24  24  24  24  24
24  24  24  24  24  24  24  24  24  24  24  24  24  24  24  24
24  24  24  24  24  24  24  24  24  24  24  24  24  24  24  24
24  24  24  24  24  24  24  24  24  24  24  24  24  24  24  24
24  24  24  24  24  24  24  24  24  24  24  24  24  24  24  24
24  24  24  24  24  24  24  24  24  24  24  24  24  24  24  24
24  24  24  24  24  24  24  24  24  24  24  24  24  24  24  24
24  24  24  24  24  24  24  24  24  24  24  24  24  24  24  24
24  24  24  24  24  24  24  24  24  24  24  24  24  24  24  24
24  24  24  24  24  24  24  24  24  24  24  24  24  24  24  24
24  24  24  24  24  24  24  24  24  24  24  24  24  24  24  24
24  24  24  24  24  24  24  24  24  24  24  24  24  24  24  24
24  24  24  24  24  24  24  24  24  24  24  24  24  24  24  24
24  24  24  24  24  24  24  24  24  24  24  24  24  24  24  24
24  24  24  24  24  24  24  24  24  24  24  24  24  24  24  24
24  24  24  24  24  24  24  24  24  24  24  24  24  24  24  24
24  24  24  24  24  24  24  24  24  24  24  24  24  24  24  24
24  24  24  24  24  24  24  24  24  24  24  24  24  24  24  24
24  24  24  24  24  24  24  24  24  24  24  24  24  24  24  24
24  24  24  24  24  24  24  24  24  24  24  24  24  24  24  24
24  24  24  24  24  24  24  24  24  24  24  24  24  24  24  24
24  24  24  24  24  24  24  24  24  24  24  24  24  24  24  24
24  24  24  24  24  24  24  24  24  24  24  24  24  24  24  24
24  24  24  24  24  24  24  24  24  24  24  24  24  24  24  24
24  24  24  24  24  24  24  24  24  24  24  24  24  24  24  24
24  24  24  24  24  24  24  24  24  24  24  24  24  24  24  24
24  24  24  24  24  24  24  24  24  24  24  24  24  24  24  24
24  24  24  24  24  24  24  24  24  24  24  24  24  24  24  24
24  24  24  24  24  24  24  24  24  24  24  24  24  24  24  24
24  24  24  24  24  24  24  24  24  24  24  24  24  24  24  24
24  24  24  24  24  24  24  24  24  24  24  24  24  24  24  24
24  24  24  24  24  24  24  24  24  24  24  24  24  24  24  24
24  24  24  24  24  24  24  24  24  24  24  24  24  24  24  24
24  24  24  24  24  24  24  24  24  24  24  24  24  24  24  24
24  24  24  24  24  24  24  24  24  24  24  24  24  24  24  24
24  24  24  24  24  24  24  24  24  24  24  24  24  24  24  24
24  24  24  24  24  24  24  24  24  24  24  24  24  24  24  24
24  24  24  24  24  24  24  24  24  24  24  24  24  24  24  24
24  24  24  24  24  24  24  24  24  24  24  24  24  24  24  24
24  24  24  24  24  24  24  24  24  24  24  24  24  24  24  24
24  24  24  24  24  24  24  24  24  24  24  24  24  24  24  24
24  24  24  24  24  24  24  24  24  24  24  24  24  24  24  24
24  24  24  24  24  24  24  24  24  24  24  24  24  24  24  24
24  24  24  24  24  24  24  24  24  24  24  24  24  24  24  24
24  24  24  24  24  24  24  24  24  24  24  24  24  24  24  24
24  24  24  24  24  24  24  24  24  24  24  24  24  24  24  24
24  24  24  24  24  24  24  24  24  24  24  24  24  24  24  24
24  24  24  24  24  24  24  24  24  24  24  24  24  24  24  24
24  24  24  24  24  24  24  24  24  24  24  24  24  24  24  24
24  24  24  24  24  24  24  24  24  24  24  24  24  24  24  24
24  24  24  24  24  24  24  24  24  24  24  24  24  24  24  24
24  24  24  24  24  24  24  24  24  24  24  24  24  24  24  24
24  24  24  24  24  24  24  24  24  24  24  24  24  24  24  24
24  24  24  24  24  24  24  24  24  24  24  24  24  24  24  24
24  24  24  24  24  24  24  24  24  24  24  24  24  24  24  24
24  24  24  24  24  24  24  24  24  24  24  24  24  24  24  24
24  24  24  24  24  24  24  24  24  24  24  24  24  24  24  24
24  24  24  24  24  24  24  24  24  24  24  24  24  24  24  24
24  24  24  24  24  24  24  24  24  24  24  24  24  24  24  24
24  24  24  24  24  24  24  24  24  24  24  24  24  24  24  24
24  24  24  24  24  24  24  24  24  24  24  24  24  24  24  24
24  24  24  24  24  24  24  24  24  24  24  24  24  24  24  24
24  24  24  24  24  24  24  24  24  24  24  24  24  24  24  24
24  24  24  24  24  24  24  24  24  24  24  24  24  24  24  24
24  24  24  24  24  24  24  24  24  24  24  24  24  24  24  24
24  24  24  24  24  24  24  24  24  24  24  24  24  24  24  24
0  0  0  0  0  0  0  0  0  0  0  0  0  0  0  0
0  0  0  0  0  0  69  0  0  0  0  0  0  0  0  0
0  0  0  0  0  0  55  0  0  0  0  0  0  0  0  0
0  0  0  0  55  55  55  0  0  0  0  0  0  0  0  0
0  0  0  0  55  0  55  0  0  0  0  0  0  0  0  0
0  0  0  0  55  55  124  0  0  0  0  0  0  0  0  0
0  0  0  0  0  0  0  0  0  0  0  0  0  0  0  0
0  0  0  0  0  0  0  0  0  0  0  0  0  0  0  0
0  0  0  0  0  0  0  0  0  0  0  0  0  0  0  0
0  0  0  0  0  0  0  0  0  0  0  0  0  0  0  0
0  0  0  0  0  0  0  0  0  0  0  0  0  0  0  0
0  0  0  0  0  0  0  0  0  0  0  0  0  0  0  0
0  0  0  0  0  0  0  0  0  0  0  0  0  0  0  0
0  0  0  0  0  0  0  0  0  0  0  0  0  0  0  0
0  0  0  0  0  0  0  0  0  0  0  0  0  0  0  0
0  0  0  0  0  0  0  0  0  0  0  0  0  0  0  0
0  0  0  0  0  0  0  0  0  0  0  0  0  0  0  0
0  0  0  0  0  0  0  0  0  0  0  0  0  0  0  0
0  0  0  0  0  0  0  0  0  0  0  0  0  0  0  0
0  0  0  0  0  0  0  0  0  0  0  0  0  0  0  0
0  0  0  0  0  0  0  0  0  0  0  0  0  0  0  0
0  0  0  0  0  0  0  0  0  0  0  0  0  0  0  0
0  0  0  0  0  0  0  0  0  0  0  0  0  0  0  0
0  0  0  0  0  0  0  0  0  0  0  0  0  0  0  0
0  0  0  0  0  0  0  0  0  0  0  0  0  0  0  0
0  0  0  0  0  0  0  0  0  0  0  0  0  0  0  0
0  0  0  0  0  0  0  0  0  0  0  0  0  0  0  0
0  0  0  0  0  0  0  0  0  0  0  0  0  0  0  0
0  0  0  0  0  0  0  0  0  0  0  0  0  0  0  0
0  0  0  0  0  0  0  0  0  0  0  0  0  0  0  0
0  0  0  0  0  0  0  0  0  0  0  0  0  0  0  0
0  0  0  0  0  0  0  0  0  0  0  0  0  0  0  0
0  0  0  0  0  0  0  0  0  0  0  0  0  0  0  0
0  0  0  0  0  0  0  0  0  0  0  0  0  0  0  0
0  0  0  0  0  0  0  0  0  0  0  0  0  0  0  0
0  0  0  0  0  0  0  0  0  0  0  0  0  0  0  0
0  0  0  0  0  0  0  0  0  0  0  0  0  0  0  0
0  0  0  0  0  0  0  0  0  0  0  0  0  0  0  0
0  0  0  0  0  0  0  0  0  0  0  0  0  0  0  0
0  0  0  0  0  0  0  0  0  0  0  0  0  0  0  0
0  0  0  0  0  0  0  0  0  0  0  0  0  0  0  0
0  0  0  0  0  0  0  0  0  0  0  0  0  0  0  0
0  0  0  0  0  0  0  0  0  0  0  0  0  0  0  0
0  0  0  0  0  0  0  0  0  0  0  0  0  0  0  0
0  0  0  0  0  0  0  0  0  0  0  0  0  0  0  0
0  0  0  0  0  0  0  0  0  0  0  0  0  0  0  0
0  0  0  0  0  0  0  0  0  0  0  0  0  0  0  0
0  0  0  0  0  0  0  0  0  0  0  0  0  0  0  0
0  0  0  0  0  0  0  0  0  0  0  0  0  0  0  0
0  0  0  0  0  0  0  0  0  0  0  0  0  0  0  0
0  0  0  0  0  0  0  0  0  0  0  0  0  0  0  0
0  0  0  0  0  0  0  0  0  0  0  0  0  0  0  0
0  0  0  0  0  0  0  0  0  0  0  0  0  0  0  0
0  0  0  0  0  0  0  0  0  0  0  0  0  0  0  0
0  0  0  0  0  0  0  0  0  0  0  0  0  0  0  0
0  0  0  0  0  0  0  0  0  0  0  0  0  0  0  0
0  0  0  0  0  0  0  0  0  0  0  0  0  0  0  0
0  0  0  0  0  0  0  0  0  0  0  0  0  0  0  0
0  0  0  0  0  0  0  0  0  0  0  0  0  0  0  0
0  0  0  0  0  0  0  0  0  0  0  0  0  0  0  0
0  0  0  0  0  0  0  0  0  0  0  0  0  0  0  0
0  0  0  0  0  0  0  0  0  0  0  0  0  0  0  0
0  0  0  0  0  0  0  0  0  0  0  0  0  0  0  0
0  0  0  0  0  0  0  0  0  0  0  0  0  0  0  0
0  0  0  0  0  0  0  0  0  0  0  0  0  0  0  0
0  0  0  0  0  0  0  0  0  0  0  0  0  0  0  0
0  0  0  0  0  0  0  0  0  0  0  0  0  0  0  0
0  0  0  0  0  0  0  0  0  0  0  0  0  0  0  0
0  0  0  0  0  0  0  0  0  0  0  0  0  0  0  0
0  0  0  0  0  0  0  0  0  0  0  0  0  0  0  0
0  0  0  0  0  0  0  0  0  0  0  0  0  0  0  0
0  0  0  0  0  0  0  0  0  0  0  0  0  0  0  0
0  0  0  0  0  0  0  0  0  0  0  0  0  0  0  0
0  0  0  0  0  0  0  0  0  0  0  0  0  0  0  0
0  0  0  0  0  0  0  0  0  0  0  0  0  0  0  0
0  0  0  0  0  0  0  0  0  0  0  0  0  0  0  0
0  0  0  0  0  0  0  0  0  0  0  0  0  0  0  0
0  0  0  0  0  0  0  0  0  0  0  0  0  0  0  0
0  0  0  0  0  0  0  0  0  0  0  0  0  0  0  0
0  0  0  0  0  0  0  0  0  0  0  0  0  0  0  0
0  0  0  0  0  0  0  0  0  0  0  0  0  0  0  0
0  0  0  0  0  0  0  0  0  0  0  0  0  0  0  0
0  0  0  0  0  0  0  0  0  0  0  0  0  0  0  0
0  0  0  0  0  0  0  0  0  0  0  0  0  0  0  0
0  0  0  0  0  0  0  0  0  0  0  0  0  0  0  0
0  0  0  0  0  0  0  0  0  0  0  0  0  0  0  0
0  0  0  0  0  0  0  0  0  0  0  0  0  0  0  0
0  0  0  0  0  0  0  0  0  0  0  0  0  0  0  0
0  0  0  0  0  0  0  0  0  0  0  0  0  0  0  0
0  0  0  0  0  0  0  0  0  0  0  0  0  0  0  0
0  0  0  0  0  0  0  0  0  0  0  0  0  0  0  0
0  0  0  0  0  0  0  0  0  0  0  0  0  0  0  0
0  0  0  0  0  0  0  0  0  0  0  0  0  0  0  0
0  0  0  0  0  0  0  0  0  0  0  0  0  0  0  0
0  0  0  0  0  0  0  0  0  0  0  0  0  0  0  0
0  0  0  0  0  0  0  0  0  0  0  0  0  0  0  0
0  0  0  0  0  0  0  0  0  0  0  0  0  0  0  0
0  0  0  0  0  0  0  0  0  0  0  0  0  0  0  0
0  0  0  0  0  0  0  0  0  0  0  0  0  0  0  0
0  0  0  0  0  0  0  0  0  0  0  0  0  0  0  0
0  0  0  0  0  0  0  0  0  0  0  0  0  0  0  0
0  0  0  0  0  0  0  0  0  0  0  0  0  0  0  0
0  0  0  0  0  0  0  0  0  0  0  0  0  0  0  0
0  0  0  0  0  0  0  0  0  0  0  0  0  0  0  0
0  0  0  0  0  0  0  0  0  0  0  0  0  0  0  0
0  0  0  0  0  0  0  0  0  0  0  0  0  0  0  0
0  0  0  0  0  0  0  0  0  0  0  0  0  0  0  0
0  0  0  0  0  0  0  0  0  0  0  0  0  0  0  0
0  0  0  0  0  0  0  0  0  0  0  0  0  0  0  0
0  0  0  0  0  0  0  0  0  0  0  0  0  0  0  0
0  0  0  0  0  0  0  0  0  0  0  0  0  0  0  0
0  0  0  0  0  0  0  0  0  0  0  0  0  0  0  0
0  0  0  0  0  0  0  0  0  0  0  0  0  0  0  0
0  0  0  0  0  0  0  0  0  0  0  0  0  0  0  0
0  0  0  0  0  0  0  0  0  0  0  0  0  0  0  0
0  0  0  0  0  0  0  0  0  0  0  0  0  0  0  0
0  0  0  0  0  0  0  0  0  0  0  0  0  0  0  0
0  0  0  0  0  0  0  0  0  0  0  0  0  0  0  0
0  0  0  0  0  0  0  0  0  0  0  0  0  0  0  0
0  0  0  0  0  0  0  0  0  0  0  0  0  0  0  0
0  0  0  0  0  0  0  0  0  0  0  0  0  0  0  0
0  0  0  0  0  0  0  0  0  0  0  0  0  0  0  0
0  0  0  0  0  0  0  0  0  0  0  0  0  0  0  0
0  0  0  0  0  0  0  0  0  0  0  0  0  0  0  0
0  0  0  0  0  0  0  0  0  0  0  0  0  0  0  0
0  0  0  0  0  0  0  0  0  0  0  0  0  0  0  0
0  0  0  0  0  0  0  0  0  0  0  0  0  0  0  0
0  0  0  0  0  0  0  0  0  0  0  0  0  0  0  0
